base_link:
  mass: 0.5
  com: -0.01264 0.01268 0.12932
  inertia:
    xx: 0.00138233
    yy: 0.00138192
    zz: 0.00010623
    xy: 0.00000211
    xz: 0.00002524
    yz: -0.00002443

link_1: 
  mass: 0.42843
  com: 0.0 0.0 0.0081
  inertia:
    xx: 0.00096467
    yy: 0.00096466
    zz: 0.00188266
    xy: 0.00000000
    xz: 0.00000001
    yz: 0.00

link_2: 
  mass: 0.42843
  com: 0.0 0.0 0.0081
  inertia:
    xx: 0.00096467
    yy: 0.00096466
    zz: 0.00188266
    xy: 0.00000000
    xz: 0.00000001
    yz: 0.00

imusensor: 
  mass: 0.00024
  com: 0.000001 0.0 0.0
  inertia:
    xx: 0.0
    yy: 0.0
    zz: 0.0
    xy: 0.0
    xz: 0.0
    yz: 0.0

