base_link:
  mass: 1.0
  com: -0.01264 0.01264 0.12932
  inertia:
    xx: 0.0138233
    yy: 0.0138192
    zz: 0.0010623
    xy: 0.0000211
    xz: 0.0002524
    yz: 0.0002443

link_1: 
  mass: 0.48
  com: 0.0 0.0 0.0
  inertia:
    xx: 0.108638
    yy: 0.108637
    zz: 0.212019
    xy: 0.000001
    xz: 0.000001
    yz: 0.000001

link_2: 
  mass: 0.48
  com: 0.0 0.0 0.0
  inertia:
    xx: 0.108638
    yy: 0.108637
    zz: 0.212019
    xy: 0.000001
    xz: 0.000001
    yz: 0.000001

imusensor: 
  mass: 0.00024
  com: 0.000001 0.0 0.0
  inertia:
    xx: 0.0001
    yy: 0.0001
    zz: 0.0001
    xy: 0.0000001
    xz: 0.0000001
    yz: 0.0000001

