base_link:
  # mass: 0.543326
  mass: 1.629978
  com: -0.012639 0.012676 0.129321
  inertia:
    xx: 0.003732
    yy: 0.003731
    zz: 0.000287
    xy: 0.000006
    xz: 0.000068
    yz: -0.000066

link_1: 
  # mass: 0.482692
  # mass: 0.965384
  mass: 1.448076
  com: 0.0 0.0 0.0
  inertia:
    xx: 0.001086
    yy: 0.001086
    zz: 0.002120
    xy: 0.000000
    xz: 0.000000
    yz: 0.000000

link_2: 
  # mass: 0.482692
  # mass: 0.965384
  mass: 1.448076
  com: 0.0 0.0 0.0
  inertia:
    xx: 0.001086
    yy: 0.001086
    zz: 0.002120
    xy: 0.000000
    xz: 0.000000
    yz: 0.000000

imusensor: 
  mass: 0.000238
  com: 0.001 0.0 0.0
  inertia:
    xx: 0.0
    yy: 0.0
    zz: 0.0
    xy: 0.0
    xz: 0.0
    yz: 0.0

